"","Ashy sunflower","Bee balm","Black-eyed Susan","Canada goldenrod","Canada thistle","Carolina horsenettle","Common mullein","Compass plant","Daisy fleabane","Dandelion","Evening primrose","Field pennycress","Golden Alexander","Gray-headed coneflower","Ground cherry","Hoary vervain","Maximillian's sunflower","Oxeye sunflower","Purple coneflower","Purple prairie clover","Red clover","Sawtooth sunflower","Spiderwort","White campion","White clover","Wild white indigo","Yarrow","Yellow sweet clover"
"1",0,0,0,0,0,0,0,0,0,0,0,0,5,0,0,0,0,0,0,0,1,0,8,0,1,0,0,1
"2",0,0,0,0,0,0,0,0,0,0,0,0,0,0,0,0,0,0,2,2,0,0,0,0,0,0,1,0
"3",0,0,0,0,0,0,0,0,0,0,2,0,0,4,0,0,0,0,2,0,1,0,0,0,1,2,0,0
"4",0,0,0,6,0,0,0,0,0,0,0,0,0,0,0,0,0,0,0,0,0,1,0,0,1,0,0,0
"5",0,0,0,0,0,0,0,0,0,10,0,3,0,0,0,0,0,0,0,0,0,0,0,0,0,0,0,0
"6",0,0,0,0,0,0,0,0,0,5,0,0,0,0,0,0,0,0,0,0,3,0,0,2,0,0,1,2
"7",0,0,1,0,0,0,1,0,6,0,0,0,0,7,0,2,0,0,0,0,0,0,0,0,0,0,0,2
"8",0,2,0,0,0,0,0,0,2,0,0,0,0,9,0,2,0,0,0,0,0,0,0,0,0,0,0,0
"9",0,0,0,5,0,0,0,0,0,0,0,0,0,1,1,0,1,0,0,0,0,0,0,0,0,0,0,0
"10",0,0,0,0,0,0,0,0,0,10,0,0,0,0,0,0,0,0,0,0,0,0,0,0,0,0,0,0
"11",0,0,0,0,0,0,0,0,0,10,0,0,0,0,0,0,0,0,0,0,1,0,0,0,0,0,0,0
"12",0,0,0,0,4,0,0,0,0,9,0,0,0,5,0,1,0,1,0,0,0,0,0,0,1,0,1,0
"13",2,0,0,0,3,4,0,1,2,5,0,0,0,4,2,0,0,0,0,1,1,4,0,3,0,0,0,1
"14",0,0,0,3,0,2,0,0,0,0,0,0,0,0,5,0,0,4,0,0,0,0,0,0,0,0,0,0
